%YAML:1.0
---
model_type: PINHOLE
camera_name: camera
image_width: 800
image_height: 800
distortion_parameters:
   k1: 0.0
   k2: 0.0
   p1: 0.0
   p2: 0.0
projection_parameters:
   fx: 284.7764434814455
   fy: 284.7764434814455
   cx: 400
   cy: 400
