%YAML:1.0
---
model_type: PINHOLE
camera_name: camera
image_width: 640
image_height: 480
distortion_parameters:
   k1: 0.0
   k2: 0.0
   p1: 0.0
   p2: 0.0
projection_parameters:
   fx: 384.7004089355469
   fy: 384.7004089355469
   cx: 321.46820068359375
   cy: 235.0388946533203
